5.3    18.2 13981.66
80.0   -48.0  5066.93
10.7     9.9 14107.40
349.2     1.7 24997.83
2.2     6.5 14202.45
346.1    37.6  8177.26
3.2    10.9 32247.99
353.3    -0.4 15715.92
344.7   -83.8  8582.56
358.5   -10.4 13636.57
5.1    -4.9 17318.12
2.2    15.1 20220.52
334.3   -56.9  6774.26
356.0     7.6 32107.15
352.2    10.5  8155.30
2.4    -7.6 13067.11
357.8     6.4 21073.03
353.4    -7.1 21781.64
273.9    58.5  3784.41
343.6    -1.4  5941.73
4.3   -32.4  9955.36
9.6    12.4 13495.46
358.0     3.9 30524.28
358.2   -17.4 25696.04
8.3    -3.3 24019.31
3.2    -6.0 32634.55
4.5   -11.4 27549.67
350.0   -30.8 11008.65
8.2     4.1 20048.04
15.5   -10.3 12743.70
0.1    -2.6 14803.34
4.2     4.7 17843.49
3.2     2.7 19398.20
3.5     6.6 32779.81
352.7     4.3 20717.06
358.9    11.0 27086.22
331.0     0.3  4129.58
8.2   -29.1 13895.48
359.8    -0.5 29931.19
3.3    -5.0 31838.72
1.2    -2.5 32639.77
0.6    -2.8 23870.40
356.3     6.1 17102.04
353.2    17.3 17487.06
352.8     8.4 19816.06
5.1     1.2 24546.05
357.4     6.6 17031.27
353.6    -1.4 30358.71
4.4     0.4 31715.46
336.9   -11.6  8642.27
21.6   -13.9 13652.51
10.0     2.1 17398.56
1.4   -10.1 18118.54
0.7    -7.2 19712.77
3.7     8.7 25101.65
13.2    22.7  4860.18
7.1    14.3 15320.65
0.7    15.7 30371.73
7.1     6.7 13194.40
2.2    -5.0 18601.06
2.6   -12.6 19481.30
356.6    12.9 16965.59
352.9     4.7  8269.19
1.3    -3.0 30156.53
0.5    17.7  9232.00
357.9     3.5 15244.58
2.5   -13.2 29052.83
345.9    10.1 16451.15
0.4    -5.6 22351.82
351.5    10.2 22439.75
0.5    -0.7 17611.83
350.8    11.2 31967.46
349.1     5.6 16970.16
313.0   -16.4  4468.82
1.4    14.7 14343.39
14.3     6.0 12808.03
0.1    12.0 28825.07
357.0   -18.4 10085.47
2.9    26.9 20575.00
358.2    -6.8 30430.80
356.6     3.7 15161.21
357.8   -15.5 21715.14
3.1   -32.4 14028.39
148.3   -71.4  4767.69
1.0    -3.9 22289.48
345.3   -11.3 16164.08
356.4     0.8 29371.04
24.4    -2.0  7214.85
353.1   -13.1 18978.98
352.5   -28.5 10728.21
358.0    -0.8 24103.51
6.5   -19.4 17962.23
357.2    43.1  6277.76
1.5    -5.1 17594.84
357.0    -7.3 29195.06
358.7     0.5 23890.01
1.2    -9.8 28849.49
0.2   -16.4 26598.90
10.6    -1.7 29579.22
18.6   -20.5 11625.34 
