temp_celcius,Ms_T
31.6302, 0.9208
32.2257, 0.9208
32.8213, 0.9208
33.4168, 0.9208
34.0123, 0.9208
34.6078, 0.9208
35.2033, 0.9208
35.7988, 0.9208
36.3943, 0.9208
36.9898, 0.9208
37.5853, 0.9208
38.1809, 0.9208
38.7764, 0.9208
39.3719, 0.9208
39.9679, 0.9185
40.5634, 0.9185
41.1589, 0.9185
41.7544, 0.9185
42.3499, 0.9185
42.9455, 0.9185
43.541, 0.9185
44.1365, 0.9185
44.732, 0.9185
45.3275, 0.9185
45.923, 0.9185
46.5185, 0.9185
47.114, 0.9185
47.7095, 0.9185
48.3051, 0.9185
48.9006, 0.9185
49.4961, 0.9185
50.0916, 0.9185
50.6871, 0.9185
51.2826, 0.9185
51.8786, 0.9162
52.4742, 0.9162
53.0697, 0.9162
53.6652, 0.9162
54.2607, 0.9162
54.8562, 0.9162
55.4517, 0.9162
56.0472, 0.9162
56.6427, 0.9162
57.2382, 0.9162
57.8338, 0.9162
58.4293, 0.9162
59.0248, 0.9162
59.6203, 0.9162
60.2158, 0.9162
60.8113, 0.9161
61.4068, 0.9161
62.0023, 0.9161
62.5978, 0.9161
63.1934, 0.9161
63.7894, 0.9138
64.3849, 0.9138
64.9804, 0.9138
65.5759, 0.9138
66.1714, 0.9138
66.7669, 0.9138
67.3624, 0.9138
67.958, 0.9138
68.5535, 0.9138
69.149, 0.9138
69.7445, 0.9138
70.34, 0.9138
70.9355, 0.9138
71.531, 0.9138
72.1265, 0.9138
72.722, 0.9138
73.3176, 0.9138
73.9131, 0.9138
74.5086, 0.9138
75.1041, 0.9138
75.6996, 0.9138
76.2951, 0.9138
76.8911, 0.9115
77.4867, 0.9115
78.0822, 0.9115
78.6777, 0.9115
79.2732, 0.9115
79.8687, 0.9115
80.4642, 0.9115
81.0597, 0.9115
81.6552, 0.9115
82.2507, 0.9115
82.8463, 0.9115
83.4418, 0.9115
84.0373, 0.9115
84.6328, 0.9115
85.2283, 0.9115
85.8238, 0.9115
86.4193, 0.9115
87.0148, 0.9115
87.6103, 0.9115
88.2059, 0.9115
88.8014, 0.9115
89.3974, 0.9092
89.9929, 0.9092
90.5884, 0.9092
91.1839, 0.9092
91.7794, 0.9092
92.3749, 0.9092
92.9705, 0.9092
93.566, 0.9092
94.1615, 0.9092
94.757, 0.9091
95.3525, 0.9091
95.948, 0.9091
96.5435, 0.9091
97.139, 0.9091
97.7345, 0.9091
98.3301, 0.9091
98.9256, 0.9091
99.5211, 0.9091
100.1166, 0.9091
100.7121, 0.9091
101.3076, 0.9091
101.9031, 0.9091
102.4992, 0.9068
103.0947, 0.9068
103.6902, 0.9068
104.2857, 0.9068
104.8812, 0.9068
105.4767, 0.9068
106.0722, 0.9068
106.6677, 0.9068
107.2632, 0.9068
107.8588, 0.9068
108.4543, 0.9068
109.0498, 0.9068
109.6453, 0.9068
110.2408, 0.9068
110.8363, 0.9068
111.4318, 0.9068
112.0273, 0.9068
112.6228, 0.9068
113.2184, 0.9068
113.8139, 0.9068
114.4094, 0.9068
115.0049, 0.9068
115.6009, 0.9045
116.1964, 0.9045
116.7919, 0.9045
117.3874, 0.9045
117.983, 0.9045
118.5785, 0.9045
119.174, 0.9045
119.7695, 0.9045
120.365, 0.9045
120.9605, 0.9045
121.556, 0.9045
122.1515, 0.9045
122.7471, 0.9045
123.3426, 0.9045
123.9381, 0.9045
124.5336, 0.9045
125.1291, 0.9045
125.7246, 0.9045
126.3201, 0.9045
126.9156, 0.9044
127.5111, 0.9044
128.1067, 0.9044
128.7027, 0.9021
129.2982, 0.9021
129.8937, 0.9021
130.4892, 0.9021
131.0847, 0.9021
131.6802, 0.9021
132.2757, 0.9021
132.8713, 0.9021
133.4668, 0.9021
134.0623, 0.9021
134.6578, 0.9021
135.2533, 0.9021
135.8488, 0.9021
136.4443, 0.9021
137.0398, 0.9021
137.6353, 0.9021
138.2309, 0.9021
138.8264, 0.9021
139.4219, 0.9021
140.0174, 0.9021
140.6129, 0.9021
141.2084, 0.9021
141.8044, 0.8998
142.4, 0.8998
142.9955, 0.8998
143.591, 0.8998
144.1865, 0.8998
144.782, 0.8998
145.3775, 0.8998
145.973, 0.8998
146.5685, 0.8998
147.164, 0.8998
147.7596, 0.8998
148.3551, 0.8998
148.9506, 0.8998
149.5461, 0.8998
150.1416, 0.8998
150.7371, 0.8998
151.3326, 0.8998
151.9281, 0.8998
152.5236, 0.8998
153.1192, 0.8998
153.7147, 0.8998
154.3107, 0.8975
154.9062, 0.8975
155.5017, 0.8975
156.0972, 0.8975
156.6927, 0.8975
157.2882, 0.8975
157.8838, 0.8975
158.4793, 0.8975
159.0748, 0.8975
159.6703, 0.8975
160.2658, 0.8975
160.8613, 0.8974
161.4568, 0.8974
162.0523, 0.8974
162.6478, 0.8974
163.2434, 0.8974
163.8389, 0.8974
164.4344, 0.8974
165.0299, 0.8974
165.6254, 0.8974
166.2209, 0.8974
166.8164, 0.8974
167.4125, 0.8951
168.008, 0.8951
168.6035, 0.8951
169.199, 0.8951
169.7945, 0.8951
170.39, 0.8951
170.9855, 0.8951
171.581, 0.8951
172.1765, 0.8951
172.7721, 0.8951
173.3676, 0.8951
173.9631, 0.8951
174.5586, 0.8951
175.1541, 0.8951
175.7496, 0.8951
176.3451, 0.8951
176.9406, 0.8951
177.5361, 0.8951
178.1317, 0.8951
178.7272, 0.8951
179.3227, 0.8951
179.9187, 0.8928
180.5142, 0.8928
181.1097, 0.8928
181.7052, 0.8928
182.3007, 0.8928
182.8963, 0.8928
183.4918, 0.8928
184.0873, 0.8928
184.6828, 0.8928
185.2783, 0.8928
185.8738, 0.8928
186.4693, 0.8928
187.0648, 0.8928
187.6603, 0.8928
188.2559, 0.8928
188.8514, 0.8928
189.4469, 0.8928
190.0424, 0.8928
190.6379, 0.8928
191.2334, 0.8928
191.8294, 0.8905
192.425, 0.8905
193.0205, 0.8905
193.616, 0.8905
194.2115, 0.8905
194.807, 0.8904
195.4025, 0.8904
195.998, 0.8904
196.5935, 0.8904
197.189, 0.8904
197.7846, 0.8904
198.3801, 0.8904
198.9756, 0.8904
199.5711, 0.8904
200.1666, 0.8904
200.7621, 0.8904
201.3576, 0.8904
201.9531, 0.8904
202.5486, 0.8904
203.1442, 0.8904
203.7402, 0.8881
204.3357, 0.8881
204.9312, 0.8881
205.5267, 0.8881
206.1222, 0.8881
206.7177, 0.8881
207.3133, 0.8881
207.9088, 0.8881
208.5043, 0.8881
209.0998, 0.8881
209.6953, 0.8881
210.2908, 0.8881
210.8863, 0.8881
211.4818, 0.8881
212.0773, 0.8881
212.6729, 0.8881
213.2684, 0.8881
213.8639, 0.8881
214.4594, 0.8881
215.0554, 0.8858
215.6509, 0.8858
216.2464, 0.8858
216.8419, 0.8858
217.4375, 0.8858
218.033, 0.8858
218.6285, 0.8858
219.224, 0.8858
219.8195, 0.8858
220.415, 0.8858
221.0105, 0.8858
221.606, 0.8858
222.2015, 0.8858
222.7971, 0.8858
223.3926, 0.8858
223.9881, 0.8858
224.5836, 0.8858
225.1791, 0.8858
225.7746, 0.8858
226.3706, 0.8835
226.9662, 0.8835
227.5617, 0.8835
228.1572, 0.8835
228.7527, 0.8835
229.3482, 0.8834
229.9437, 0.8834
230.5392, 0.8834
231.1347, 0.8834
231.7302, 0.8834
232.3258, 0.8834
232.9213, 0.8834
233.5168, 0.8834
234.1123, 0.8834
234.7078, 0.8834
235.3033, 0.8834
235.8988, 0.8834
236.4943, 0.8834
237.0904, 0.8811
237.6859, 0.8811
238.2814, 0.8811
238.8769, 0.8811
239.4724, 0.8811
240.0679, 0.8811
240.6634, 0.8811
241.2589, 0.8811
241.8544, 0.8811
242.45, 0.8811
243.0455, 0.8811
243.641, 0.8811
244.2365, 0.8811
244.832, 0.8811
245.4275, 0.8811
246.023, 0.8811
246.6185, 0.8811
247.2146, 0.8788
247.8101, 0.8788
248.4056, 0.8788
249.0011, 0.8788
249.5966, 0.8788
250.1921, 0.8788
250.7876, 0.8788
251.3831, 0.8788
251.9787, 0.8788
252.5742, 0.8788
253.1697, 0.8788
253.7652, 0.8788
254.3607, 0.8788
254.9562, 0.8788
255.5517, 0.8788
256.1472, 0.8788
256.7433, 0.8765
257.3388, 0.8765
257.9343, 0.8765
258.5298, 0.8765
259.1253, 0.8765
259.7208, 0.8765
260.3163, 0.8765
260.9118, 0.8765
261.5073, 0.8765
262.1029, 0.8765
262.6984, 0.8765
263.2939, 0.8764
263.8894, 0.8764
264.4849, 0.8764
265.0804, 0.8764
265.6759, 0.8764
266.272, 0.8741
266.8675, 0.8741
267.463, 0.8741
268.0585, 0.8741
268.654, 0.8741
269.2495, 0.8741
269.845, 0.8741
270.4405, 0.8741
271.036, 0.8741
271.6316, 0.8741
272.2271, 0.8741
272.8226, 0.8741
273.4181, 0.8741
274.0136, 0.8741
274.6091, 0.8741
275.2046, 0.8741
275.8006, 0.8718
276.3962, 0.8718
276.9917, 0.8718
277.5872, 0.8718
278.1827, 0.8718
278.7782, 0.8718
279.3737, 0.8718
279.9692, 0.8718
280.5647, 0.8718
281.1602, 0.8718
281.7558, 0.8718
282.3513, 0.8718
282.9468, 0.8718
283.5423, 0.8718
284.1383, 0.8695
284.7338, 0.8695
285.3293, 0.8695
285.9249, 0.8695
286.5204, 0.8695
287.1159, 0.8695
287.7114, 0.8695
288.3069, 0.8695
288.9024, 0.8695
289.4979, 0.8695
290.0934, 0.8695
290.6889, 0.8695
291.2845, 0.8695
291.88, 0.8695
292.476, 0.8672
293.0715, 0.8672
293.667, 0.8672
294.2625, 0.8672
294.858, 0.8672
295.4535, 0.8672
296.0491, 0.8672
296.6446, 0.8672
297.2401, 0.8672
297.8356, 0.8672
298.4311, 0.8672
299.0266, 0.8671
299.6221, 0.8671
300.2176, 0.8671
300.8137, 0.8648
301.4092, 0.8648
302.0047, 0.8648
302.6002, 0.8648
303.1957, 0.8648
303.7912, 0.8648
304.3867, 0.8648
304.9822, 0.8648
305.5778, 0.8648
306.1733, 0.8648
306.7688, 0.8648
307.3643, 0.8648
307.9598, 0.8648
308.5558, 0.8625
309.1513, 0.8625
309.7468, 0.8625
310.3424, 0.8625
310.9379, 0.8625
311.5334, 0.8625
312.1289, 0.8625
312.7244, 0.8625
313.3199, 0.8625
313.9154, 0.8625
314.5109, 0.8625
315.1064, 0.8625
315.702, 0.8625
316.298, 0.8602
316.8935, 0.8602
317.489, 0.8602
318.0845, 0.8602
318.68, 0.8602
319.2755, 0.8602
319.8711, 0.8602
320.4666, 0.8602
321.0621, 0.8602
321.6576, 0.8602
322.2531, 0.8602
322.8486, 0.8602
323.4441, 0.8602
324.0401, 0.8579
324.6357, 0.8579
325.2312, 0.8579
325.8267, 0.8579
326.4222, 0.8579
327.0177, 0.8579
327.6132, 0.8579
328.2087, 0.8579
328.8042, 0.8579
329.3997, 0.8579
329.9953, 0.8579
330.5908, 0.8579
331.1868, 0.8556
331.7823, 0.8556
332.3778, 0.8556
332.9733, 0.8556
333.5688, 0.8556
334.1644, 0.8556
334.7599, 0.8556
335.3554, 0.8556
335.9509, 0.8556
336.5464, 0.8555
337.1419, 0.8555
337.7379, 0.8533
338.3334, 0.8533
338.929, 0.8532
339.5245, 0.8532
340.12, 0.8532
340.7155, 0.8532
341.311, 0.8532
341.9065, 0.8532
342.502, 0.8532
343.0975, 0.8532
343.693, 0.8532
344.2891, 0.8509
344.8846, 0.8509
345.4801, 0.8509
346.0756, 0.8509
346.6711, 0.8509
347.2666, 0.8509
347.8621, 0.8509
348.4576, 0.8509
349.0532, 0.8509
349.6487, 0.8509
350.2442, 0.8509
350.8397, 0.8509
351.4357, 0.8486
352.0312, 0.8486
352.6267, 0.8486
353.2223, 0.8486
353.8178, 0.8486
354.4133, 0.8486
355.0088, 0.8486
355.6043, 0.8486
356.1998, 0.8486
356.7953, 0.8486
357.3913, 0.8463
357.9869, 0.8463
358.5824, 0.8463
359.1779, 0.8463
359.7734, 0.8463
360.3689, 0.8463
360.9644, 0.8463
361.5599, 0.8463
362.1554, 0.8463
362.7509, 0.8463
363.347, 0.844
363.9425, 0.844
364.538, 0.844
365.1335, 0.844
365.729, 0.844
366.3245, 0.844
366.92, 0.844
367.5156, 0.844
368.1111, 0.844
368.7066, 0.844
369.3026, 0.8417
369.8981, 0.8417
370.4936, 0.8417
371.0891, 0.8417
371.6846, 0.8417
372.2802, 0.8417
372.8757, 0.8417
373.4712, 0.8417
374.0667, 0.8417
374.6622, 0.8417
375.2582, 0.8394
375.8537, 0.8394
376.4493, 0.8394
377.0448, 0.8394
377.6403, 0.8394
378.2358, 0.8393
378.8313, 0.8393
379.4268, 0.8393
380.0223, 0.8393
380.6178, 0.8393
381.2139, 0.837
381.8094, 0.837
382.4049, 0.837
383.0E-4, 0.837
383.5959, 0.837
384.1914, 0.837
384.7869, 0.837
385.3824, 0.837
385.9779, 0.837
386.574, 0.8347
387.1695, 0.8347
387.765, 0.8347
388.3605, 0.8347
388.956, 0.8347
389.5515, 0.8347
390.147, 0.8347
390.7426, 0.8347
391.3381, 0.8347
391.9341, 0.8324
392.5296, 0.8324
393.1251, 0.8324
393.7206, 0.8324
394.3161, 0.8324
394.9116, 0.8324
395.5072, 0.8324
396.1027, 0.8324
396.6982, 0.8324
397.2942, 0.8301
397.8897, 0.8301
398.4852, 0.8301
399.0807, 0.8301
399.6762, 0.8301
400.2718, 0.8301
400.8673, 0.8301
401.4628, 0.8301
402.0583, 0.8301
402.6543, 0.8278
403.2498, 0.8278
403.8453, 0.8278
404.4409, 0.8278
405.0364, 0.8278
405.6319, 0.8278
406.2274, 0.8278
406.8229, 0.8278
407.4184, 0.8278
408.0144, 0.8255
408.6099, 0.8255
409.2055, 0.8255
409.801, 0.8255
410.3965, 0.8255
410.992, 0.8255
411.5875, 0.8255
412.183, 0.8255
412.779, 0.8232
413.3746, 0.8232
413.9701, 0.8232
414.5656, 0.8232
415.1611, 0.8232
415.7566, 0.8232
416.3521, 0.8232
416.9476, 0.8232
417.5436, 0.8209
418.1392, 0.8209
418.7347, 0.8209
419.3302, 0.8209
419.9257, 0.8209
420.5212, 0.8209
421.1167, 0.8209
421.7122, 0.8208
422.3082, 0.8186
422.9038, 0.8186
423.4993, 0.8185
424.0948, 0.8185
424.6903, 0.8185
425.2858, 0.8185
425.8813, 0.8185
426.4773, 0.8162
427.0729, 0.8162
427.6684, 0.8162
428.2639, 0.8162
428.8594, 0.8162
429.4549, 0.8162
430.0504, 0.8162
430.6464, 0.8139
431.2419, 0.8139
431.8375, 0.8139
432.433, 0.8139
433.0285, 0.8139
433.624, 0.8139
434.2195, 0.8139
434.8155, 0.8116
435.411, 0.8116
436.0066, 0.8116
436.6021, 0.8116
437.1976, 0.8116
437.7931, 0.8116
438.3886, 0.8116
438.9846, 0.8093
439.5801, 0.8093
440.1756, 0.8093
440.7712, 0.8093
441.3667, 0.8093
441.9622, 0.8093
442.5582, 0.807
443.1537, 0.807
443.7492, 0.807
444.3447, 0.807
444.9403, 0.807
445.5358, 0.807
446.1318, 0.8047
446.7273, 0.8047
447.3228, 0.8047
447.9183, 0.8047
448.5138, 0.8047
449.1093, 0.8047
449.7054, 0.8024
450.3009, 0.8024
450.8964, 0.8024
451.4919, 0.8024
452.0874, 0.8024
452.6834, 0.8001
453.279, 0.8001
453.8745, 0.8001
454.47, 0.8001
455.0655, 0.8001
455.661, 0.8001
456.257, 0.7978
456.8525, 0.7978
457.448, 0.7978
458.0436, 0.7978
458.6391, 0.7978
459.2351, 0.7955
459.8306, 0.7955
460.4261, 0.7955
461.0216, 0.7955
461.6171, 0.7955
462.2132, 0.7932
462.8087, 0.7932
463.4042, 0.7932
463.9997, 0.7932
464.5952, 0.7932
465.1912, 0.7909
465.7867, 0.7909
466.3823, 0.7909
466.9778, 0.7909
467.5733, 0.7909
468.1693, 0.7886
468.7648, 0.7886
469.3603, 0.7886
469.9558, 0.7886
470.5514, 0.7886
471.1474, 0.7863
471.7429, 0.7863
472.3384, 0.7863
472.9339, 0.7863
473.5299, 0.784
474.1254, 0.784
474.721, 0.784
475.3165, 0.784
475.912, 0.784
476.508, 0.7817
477.1035, 0.7817
477.699, 0.7817
478.2945, 0.7817
478.8901, 0.7817
479.4861, 0.7794
480.0816, 0.7794
480.6771, 0.7794
481.2726, 0.7794
481.8686, 0.7771
482.4642, 0.7771
483.0597, 0.7771
483.6552, 0.7771
484.2512, 0.7748
484.8467, 0.7748
485.4422, 0.7748
486.0377, 0.7748
486.6338, 0.7725
487.2293, 0.7725
487.8248, 0.7725
488.4203, 0.7725
489.0158, 0.7725
489.6118, 0.7702
490.2073, 0.7702
490.8029, 0.7702
491.3984, 0.7701
491.9944, 0.7679
492.5899, 0.7679
493.1854, 0.7679
493.7809, 0.7678
494.3769, 0.7656
494.9725, 0.7656
495.568, 0.7655
496.1635, 0.7655
496.7595, 0.7633
497.355, 0.7632
497.9505, 0.7632
498.546, 0.7632
499.1421, 0.7609
499.7376, 0.7609
500.3331, 0.7609
500.9291, 0.7586
501.5246, 0.7586
502.1201, 0.7586
502.7157, 0.7586
503.3117, 0.7563
503.9072, 0.7563
504.5027, 0.7563
505.0982, 0.7563
505.6942, 0.754
506.2897, 0.754
506.8853, 0.754
507.4808, 0.754
508.0768, 0.7517
508.6723, 0.7517
509.2678, 0.7517
509.8638, 0.7494
510.4594, 0.7494
511.0549, 0.7494
511.6504, 0.7494
512.2464, 0.7471
512.8419, 0.7471
513.4374, 0.7471
514.0335, 0.7448
514.629, 0.7448
515.2245, 0.7448
515.82, 0.7448
516.416, 0.7425
517.0115, 0.7425
517.607, 0.7425
518.2031, 0.7402
518.7986, 0.7402
519.3941, 0.7402
519.9896, 0.7402
520.5856, 0.7379
521.1811, 0.7379
521.7766, 0.7379
522.3727, 0.7356
522.9682, 0.7356
523.5637, 0.7356
524.1597, 0.7333
524.7552, 0.7333
525.3507, 0.7333
525.9463, 0.7333
526.5423, 0.731
527.1378, 0.731
527.7333, 0.731
528.3293, 0.7287
528.9248, 0.7287
529.5203, 0.7287
530.1164, 0.7264
530.7119, 0.7264
531.3074, 0.7264
531.9034, 0.7241
532.4989, 0.7241
533.0944, 0.7241
533.6905, 0.7218
534.286, 0.7218
534.8815, 0.7218
535.477, 0.7218
536.073, 0.7195
536.6685, 0.7195
537.2641, 0.7195
537.8601, 0.7172
538.4556, 0.7172
539.0511, 0.7172
539.6471, 0.7149
540.2426, 0.7149
540.8382, 0.7149
541.4342, 0.7126
542.0297, 0.7126
542.6252, 0.7126
543.2212, 0.7103
543.8167, 0.7103
544.4122, 0.7103
545.0083, 0.708
545.6038, 0.708
546.1993, 0.708
546.7953, 0.7057
547.3908, 0.7057
547.9863, 0.7057
548.5824, 0.7034
549.1779, 0.7034
549.7734, 0.7034
550.3694, 0.7011
550.9649, 0.7011
551.561, 0.6988
552.1565, 0.6988
552.752, 0.6988
553.348, 0.6965
553.9435, 0.6965
554.539, 0.6965
555.1351, 0.6942
555.7306, 0.6942
556.3261, 0.6942
556.9221, 0.6919
557.5176, 0.6919
558.1131, 0.6919
558.7091, 0.6896
559.3047, 0.6896
559.9007, 0.6873
560.4962, 0.6873
561.0917, 0.6873
561.6877, 0.685
562.2832, 0.685
562.8788, 0.685
563.4748, 0.6827
564.0703, 0.6827
564.6663, 0.6805
565.2618, 0.6804
565.8573, 0.6804
566.4534, 0.6782
567.0489, 0.6781
567.6449, 0.6759
568.2404, 0.6759
568.8364, 0.6736
569.432, 0.6736
570.0275, 0.6736
570.6235, 0.6713
571.219, 0.6713
571.815, 0.669
572.4105, 0.669
573.0066, 0.6667
573.6021, 0.6667
574.1976, 0.6667
574.7936, 0.6644
575.3891, 0.6644
575.9852, 0.6621
576.5807, 0.6621
577.1767, 0.6598
577.7722, 0.6598
578.3682, 0.6575
578.9637, 0.6575
579.5598, 0.6552
580.1553, 0.6552
580.7513, 0.6529
581.3468, 0.6529
581.9423, 0.6529
582.5384, 0.6506
583.1339, 0.6506
583.7299, 0.6483
584.3254, 0.6483
584.9214, 0.646
585.5175, 0.6437
586.113, 0.6437
586.7085, 0.6437
587.3045, 0.6414
587.9005, 0.6391
588.496, 0.6391
589.0921, 0.6368
589.6876, 0.6368
590.2836, 0.6345
590.8791, 0.6345
591.4751, 0.6322
592.0706, 0.6322
592.6667, 0.6299
593.2622, 0.6299
593.8582, 0.6276
594.4537, 0.6276
595.0497, 0.6253
595.6458, 0.623
596.2413, 0.623
596.8373, 0.6207
597.4328, 0.6207
598.0288, 0.6184
598.6244, 0.6184
599.2204, 0.6161
599.8164, 0.6138
600.4119, 0.6138
601.0079, 0.6115
601.6035, 0.6115
602.1995, 0.6092
602.7955, 0.6069
603.391, 0.6069
603.987, 0.6046
604.5826, 0.6046
605.1786, 0.6023
605.7746, 0.6
606.3701, 0.6
606.9662, 0.5977
607.5617, 0.5977
608.1577, 0.5954
608.7537, 0.5931
609.3492, 0.5931
609.9453, 0.5909
610.5413, 0.5886
611.1368, 0.5886
611.7328, 0.5863
612.3288, 0.584
612.9244, 0.584
613.5204, 0.5817
614.1164, 0.5794
614.7119, 0.5794
615.3079, 0.5771
615.904, 0.5748
616.4995, 0.5748
617.0955, 0.5725
617.6915, 0.5702
618.287, 0.5702
618.8831, 0.5679
619.4791, 0.5656
620.0751, 0.5633
620.6706, 0.5633
621.2667, 0.561
621.8627, 0.5587
622.4582, 0.5587
623.0542, 0.5564
623.6502, 0.5541
624.2463, 0.5518
624.8418, 0.5518
625.4378, 0.5495
626.0338, 0.5472
626.6299, 0.5449
627.2254, 0.5449
627.8214, 0.5426
628.4174, 0.5403
629.0135, 0.538
629.609, 0.538
630.205, 0.5357
630.801, 0.5334
631.397, 0.5311
631.9931, 0.5289
632.5891, 0.5266
633.1846, 0.5266
633.7806, 0.5243
634.3767, 0.522
634.9727, 0.5197
635.5687, 0.5174
636.1647, 0.5151
636.7608, 0.5128
637.3568, 0.5105
637.9528, 0.5082
638.5488, 0.5059
638.5494, 0.5036
639.1449, 0.5036
639.1454, 0.5013
639.7409, 0.5013
640.3369, 0.499
640.9329, 0.4967
640.9335, 0.4944
641.5295, 0.4921
642.1255, 0.4898
642.7215, 0.4875
643.3176, 0.4852
643.9136, 0.4829
643.9141, 0.4807
644.5101, 0.4784
645.1062, 0.4761
645.7022, 0.4738
646.2982, 0.4715
646.8942, 0.4692
647.4897, 0.4692
647.4903, 0.4669
647.4908, 0.4646
648.0868, 0.4623
648.6828, 0.46
649.2788, 0.4577
649.8749, 0.4554
649.8754, 0.4531
650.4714, 0.4508
651.0674, 0.4485
651.6635, 0.4462
651.664, 0.4439
652.26, 0.4416
652.856, 0.4393
652.8565, 0.437
653.4526, 0.4348
654.0486, 0.4325
654.0491, 0.4302
654.6451, 0.4279
655.2412, 0.4256
655.2417, 0.4233
655.8377, 0.421
655.8382, 0.4187
656.4342, 0.4164
657.0303, 0.4141
657.0308, 0.4118
657.6268, 0.4095
657.6273, 0.4072
658.2234, 0.4049
658.2239, 0.4026
658.8199, 0.4003
658.8204, 0.398
659.4164, 0.3957
659.417, 0.3935
660.013, 0.3912
660.0135, 0.3889
660.6095, 0.3866
660.61, 0.3843
660.6105, 0.382
661.2066, 0.3797
661.2071, 0.3774
661.2076, 0.3751
661.8036, 0.3728
661.8041, 0.3705
662.4002, 0.3682
662.4007, 0.3659
662.4012, 0.3636
662.9972, 0.3613
662.9977, 0.359
662.9983, 0.3567
663.5943, 0.3544
663.5948, 0.3522
663.5953, 0.3499
664.1913, 0.3476
664.1919, 0.3453
664.1924, 0.343
664.7884, 0.3407
664.7889, 0.3384
665.3849, 0.3361
665.3854, 0.3338
665.386, 0.3315
665.982, 0.3292
665.9825, 0.3269
665.983, 0.3246
666.579, 0.3223
666.5796, 0.32
666.5801, 0.3177
667.1761, 0.3154
667.1766, 0.3132
667.7726, 0.3109
667.7732, 0.3086
667.7737, 0.3063
668.3697, 0.304
668.3702, 0.3017
668.3707, 0.2994
668.9668, 0.2971
668.9673, 0.2948
668.9678, 0.2925
669.5638, 0.2902
669.5643, 0.2879
670.1603, 0.2856
670.1609, 0.2833
670.1614, 0.281
670.7574, 0.2787
670.7579, 0.2765
671.3539, 0.2742
671.3545, 0.2719
671.355, 0.2696
671.951, 0.2673
671.9515, 0.265
671.952, 0.2627
672.5481, 0.2604
672.5486, 0.2581
673.1446, 0.2558
673.1451, 0.2535
673.1456, 0.2512
673.7417, 0.2489
673.7422, 0.2466
674.3382, 0.2443
674.3387, 0.242
674.3392, 0.2397
674.9352, 0.2374
674.9358, 0.2352
675.5318, 0.2329
675.5323, 0.2306
675.5328, 0.2283
676.1288, 0.226
676.1294, 0.2237
676.7254, 0.2214
676.7259, 0.2191
677.3219, 0.2168
677.3224, 0.2145
677.9185, 0.2122
677.919, 0.2099
677.9195, 0.2076
678.5155, 0.2053
678.516, 0.203
679.1121, 0.2007
679.1126, 0.1984
679.7086, 0.1962
679.7091, 0.1939
680.3051, 0.1916
680.3057, 0.1893
680.9017, 0.187
680.9022, 0.1847
681.4982, 0.1824
681.4987, 0.1801
681.4993, 0.1778
682.0953, 0.1755
682.0958, 0.1732
682.6918, 0.1709
682.6923, 0.1686
683.2884, 0.1663
683.2889, 0.164
683.8849, 0.1617
683.8854, 0.1594
684.4814, 0.1571
685.0775, 0.1549
685.078, 0.1526
685.674, 0.1503
685.6745, 0.148
686.2706, 0.1457
686.2711, 0.1434
686.8671, 0.1411
686.8676, 0.1388
687.4636, 0.1365
687.4642, 0.1342
688.0602, 0.1319
688.6562, 0.1296
688.6567, 0.1273
689.2527, 0.125
689.2533, 0.1227
689.8493, 0.1204
690.4453, 0.1181
690.4458, 0.1158
691.0419, 0.1136
691.6379, 0.1113
692.2339, 0.109
692.8299, 0.1067
692.8304, 0.1044
693.4265, 0.1021
694.0225, 0.0998
694.6185, 0.0975
695.2145, 0.0952
695.8106, 0.0929
696.4061, 0.0929
697.0021, 0.0906
697.5976, 0.0906
697.5981, 0.0883
698.1942, 0.086
698.7897, 0.086
699.3852, 0.086
699.9812, 0.0837
700.5767, 0.0837
701.1727, 0.0814
701.7683, 0.0814
702.3643, 0.0791
702.9598, 0.0791
703.5553, 0.0791
704.1513, 0.0768
704.7468, 0.0768
705.3424, 0.0768
705.9379, 0.0768
706.5334, 0.0768
707.1294, 0.0745
707.7249, 0.0745
708.3204, 0.0745
708.9159, 0.0745
709.5114, 0.0745
710.107, 0.0745
710.7025, 0.0745
711.298, 0.0745
711.8935, 0.0745
712.489, 0.0745
713.0845, 0.0745
713.68, 0.0745
714.2755, 0.0745
714.8711, 0.0745
715.4666, 0.0745
716.0621, 0.0745
716.6576, 0.0745
717.2531, 0.0745
717.8486, 0.0745
718.4441, 0.0745
719.0396, 0.0745
719.6351, 0.0745
